CustomerID,Gender,Age,Annual Income (Rp.),Spending Score (1-100)
1,Male,19,213000,39
2,Male,21,213000,81
3,Female,20,227200,6
4,Female,23,227200,77
5,Female,31,241400,40
6,Female,22,241400,76
7,Female,35,255600,6
8,Female,23,255600,94
9,Male,64,269800,3
10,Female,30,269800,72
11,Male,67,269800,14
12,Female,35,269800,99
13,Female,58,284000,15
14,Female,24,284000,77
15,Male,37,284000,13
16,Male,22,284000,79
17,Female,35,298200,35
18,Male,20,298200,66
19,Male,52,326600,29
20,Female,35,326600,98
21,Male,35,340800,35
22,Male,25,340800,73
23,Female,46,355000,5
24,Male,31,355000,73
25,Female,54,397600,14
26,Male,29,397600,82
27,Female,45,397600,32
28,Male,35,397600,61
29,Female,40,411800,31
30,Female,23,411800,87
31,Male,60,426000,4
32,Female,21,426000,73
33,Male,53,468600,4
34,Male,18,468600,92
35,Female,49,468600,14
36,Female,21,468600,81
37,Female,42,482800,17
38,Female,30,482800,73
39,Female,36,525400,26
40,Female,20,525400,75
41,Female,65,539600,35
42,Male,24,539600,92
43,Male,48,553800,36
44,Female,31,553800,61
45,Female,49,553800,28
46,Female,24,553800,65
47,Female,50,568000,55
48,Female,27,568000,47
49,Female,29,568000,42
50,Female,31,568000,42
51,Female,49,596400,52
52,Male,33,596400,60
53,Female,31,610600,54
54,Male,59,610600,60
55,Female,50,610600,45
56,Male,47,610600,41
57,Female,51,624800,50
58,Male,69,624800,46
59,Female,27,653200,51
60,Male,53,653200,46
61,Male,70,653200,56
62,Male,19,653200,55
63,Female,67,667400,52
64,Female,54,667400,59
65,Male,63,681600,51
66,Male,18,681600,59
67,Female,43,681600,50
68,Female,68,681600,48
69,Male,19,681600,59
70,Female,32,681600,47
71,Male,70,695800,55
72,Female,47,695800,42
73,Female,60,710000,49
74,Female,60,710000,56
75,Male,59,766800,47
76,Male,26,766800,54
77,Female,45,766800,53
78,Male,40,766800,48
79,Female,23,766800,52
80,Female,49,766800,42
81,Male,57,766800,51
82,Male,38,766800,55
83,Male,67,766800,41
84,Female,46,766800,44
85,Female,21,766800,57
86,Male,48,766800,46
87,Female,55,809400,58
88,Female,22,809400,55
89,Female,34,823600,60
90,Female,50,823600,46
91,Female,68,837800,55
92,Male,18,837800,41
93,Male,48,852000,49
94,Female,40,852000,40
95,Female,32,852000,42
96,Male,24,852000,52
97,Female,47,852000,47
98,Female,27,852000,50
99,Male,48,866200,42
100,Male,20,866200,49
101,Female,23,880400,41
102,Female,49,880400,48
103,Male,67,880400,59
104,Male,26,880400,55
105,Male,49,880400,56
106,Female,21,880400,42
107,Female,66,894600,50
108,Male,54,894600,46
109,Male,68,894600,43
110,Male,66,894600,48
111,Male,65,894600,52
112,Female,19,894600,54
113,Female,38,908800,42
114,Male,19,908800,46
115,Female,18,923000,48
116,Female,19,923000,50
117,Female,63,923000,43
118,Female,49,923000,59
119,Female,51,951400,43
120,Female,50,951400,57
121,Male,27,951400,56
122,Female,38,951400,40
123,Female,40,979800,58
124,Male,39,979800,91
125,Female,23,994000,29
126,Female,31,994000,77
127,Male,43,1008200,35
128,Male,40,1008200,95
129,Male,59,1008200,11
130,Male,38,1008200,75
131,Male,47,1008200,9
132,Male,39,1008200,75
133,Female,25,1022400,34
134,Female,31,1022400,71
135,Male,20,1036600,5
136,Female,29,1036600,88
137,Female,44,1036600,7
138,Male,32,1036600,73
139,Male,19,1050800,10
140,Female,35,1050800,72
141,Female,57,1065000,5
142,Male,32,1065000,93
143,Female,28,1079200,40
144,Female,32,1079200,87
145,Male,25,1093400,12
146,Male,28,1093400,97
147,Male,48,1093400,36
148,Female,32,1093400,74
149,Female,34,1107600,22
150,Male,34,1107600,90
151,Male,43,1107600,17
152,Male,39,1107600,88
153,Female,44,1107600,20
154,Female,38,1107600,76
155,Female,47,1107600,16
156,Female,27,1107600,89
157,Male,37,1107600,1
158,Female,30,1107600,78
159,Male,34,1107600,1
160,Female,30,1107600,73
161,Female,56,1121800,35
162,Female,29,1121800,83
163,Male,19,1150200,5
164,Female,31,1150200,93
165,Male,50,1207000,26
166,Female,36,1207000,75
167,Male,42,1221200,20
168,Female,33,1221200,95
169,Female,36,1235400,27
170,Male,32,1235400,63
171,Male,40,1235400,13
172,Male,28,1235400,75
173,Male,36,1235400,10
174,Male,36,1235400,92
175,Female,52,1249600,13
176,Female,30,1249600,86
177,Male,58,1249600,15
178,Male,27,1249600,69
179,Male,59,1320600,14
180,Male,35,1320600,90
181,Female,37,1377400,32
182,Female,32,1377400,86
183,Male,46,1391600,15
184,Female,29,1391600,88
185,Female,41,1405800,39
186,Male,30,1405800,97
187,Female,54,1434200,24
188,Male,28,1434200,68
189,Female,41,1462600,17
190,Female,36,1462600,85
191,Female,34,1462600,23
192,Female,32,1462600,69
193,Male,33,1604600,8
194,Female,38,1604600,91
195,Female,47,1704000,16
196,Female,35,1704000,79
197,Female,45,1789200,28
198,Male,32,1789200,74
199,Male,32,1945400,18
200,Male,30,1945400,83
